target,prediction_1,prediction_2,prediction_3,prediction_4,prediction_5,prediction_6
4,3.5724195557507836e-20,1.0585816522290609e-11,1.3397955064768734e-07,0.005032473597715404,0.9685616469136655,0.026405745498482524
4,2.858389239594601e-19,2.6777581133289957e-15,7.952408407731902e-11,0.001288045245384952,0.9987118574105207,9.726456750143609e-08
1,1.802745194485514e-07,0.9999997232022557,1.585698791710884e-08,8.066619016524893e-08,2.497248440858855e-20,4.662192314931386e-14
2,0.14605935139788712,0.7110275685744957,0.07622275390765995,0.056465207695500924,0.0034467758943455403,0.006778342530110909
2,0.10727670592959929,0.7857465175985783,0.06943334821220597,0.037091891644909655,0.00030056377739222275,0.0001509728373148021
2,3.6626138606577187e-06,7.061922713950798e-10,0.3822956047491931,0.6098245096292668,0.007824779870676353,5.144243081073017e-05
1,0.0013302670377132585,0.015571831489966234,0.10431989644448757,0.7704122761669127,0.10549333066272859,0.0028723981981916462
3,0.0003473107931637646,0.01485584925964406,0.04346015143405759,0.4972918629377857,0.41130493633326304,0.03273988924208575
3,2.5334538753407816e-19,4.3701166991441133e-13,8.860408665689954e-09,0.977771877589974,0.021829954289197085,0.00039815925998336045
1,0.5976020174789966,0.3086361702442238,0.08521243676417314,0.008548423032631921,3.530879042792234e-07,5.993920703059737e-07
2,4.1587675015287865e-07,1.9767711525630373e-10,0.8279356279406394,0.17198886865063223,7.499294915015884e-05,9.438515105086651e-08
4,1.6596951797534082e-11,2.930382836113803e-09,0.9987183246714513,0.0012795762605419079,2.0960895890800636e-06,3.143802280313919e-11
3,1.87254712421727e-08,1.5768557915114495e-16,0.7222585342049914,0.2777410020299038,4.450130898491949e-07,2.654338104753444e-11
2,0.30109784639052567,0.4650149518330777,0.05886500209809191,0.17501864023486705,8.425441195714721e-07,2.716899318069686e-06
4,6.401583759248147e-08,5.3923090647561924e-08,0.00033943690311098615,0.18575693269755716,0.8127235429825822,0.0011799694778213425
3,0.12136121947608933,0.0003062770686273261,0.6372074888189126,0.07071621983789077,0.1583615665375386,0.012047228260941244
2,2.9481279606201634e-19,2.945454898729624e-14,9.124332290754193e-08,0.9999999017943538,6.962269938915624e-09,2.395840974635767e-14
3,6.156021468045913e-18,1.601776228052703e-20,0.32725884564094054,0.672741089373735,6.498532448544289e-08,1.2060955529054944e-21
2,0.009770162094092986,3.7860403833349485e-05,0.9785798294555792,0.011581107106026544,3.093264218848434e-05,1.0829827961256045e-07
3,9.200788426628373e-06,0.13944452577470415,1.0039668696595312e-05,0.587499173969149,0.2558903197605733,0.01714674003845041
3,1.3997919430344486e-06,1.8260967775807963e-06,0.020495242701145208,0.9790649324449306,0.00042062631752080246,1.5972647682555126e-05
1,0.11902649595670373,0.7251142316274838,0.13459975011537825,0.016223984717833373,0.0011228981235413284,0.003912639459059533
3,3.63664656403417e-08,9.718078435106672e-07,0.05183519791712177,0.24121367291567591,0.7059423120505098,0.0010078089423832446
3,1.1906903152868387e-14,1.3630796284062307e-15,1.213691857478594e-05,0.018427292927591696,0.9815605700724004,8.141999377072005e-11
4,0.007340226031008291,0.0017806582203103547,0.05191958979536068,0.2243528469322474,0.6763977276476737,0.0382089513733994
2,3.5074937954801125e-05,7.794552790870689e-05,0.9893358913937748,0.010238153189568392,0.00023310091847724793,7.983403231629074e-05
5,2.471834317213468e-08,9.220166055066705e-06,0.00013435880592849595,0.17127752048519135,0.0782617028634206,0.7503171729610613
3,6.95307857005822e-10,7.441955025537321e-11,0.00030934432007746087,0.9995131477347189,1.3869522559554443e-07,0.00017736848025064328
0,0.9818355266574597,7.58120689508739e-06,0.017667624147574952,0.000489267987371044,6.928037302722936e-13,6.337277610501817e-15
1,4.361776378600737e-10,0.9997469325200543,0.00025004988424444786,3.017159520946928e-06,1.3874495095220204e-18,2.5557685012236522e-15
3,0.017808226898660667,0.11528836078846276,0.12959187250234575,0.14940879170910706,0.21307594134871388,0.3748268067527099
4,4.108705561475835e-11,2.2031818824803035e-09,0.0001231666912750054,0.05947594937784053,0.9403951531994544,5.728487161114055e-06
3,6.149369806167588e-25,8.387244288805061e-20,8.817444498974422e-15,5.323053483598867e-07,0.9999994562803843,1.1414258430472566e-08
2,5.897083151688433e-07,1.108495890629599e-10,0.957432434940414,0.042560841805139055,6.0876505042195435e-06,4.578477801674459e-08
1,0.0006912932715255114,0.9456354490558524,0.05252252533203433,0.0010843327200130983,1.780421368289327e-06,6.461919920644957e-05
3,2.422808863397537e-08,0.0008301662007004541,0.0015807443251551205,0.5042256216222278,0.010505870506764638,0.4828575731170632
3,7.081179891868937e-05,1.730354496410841e-05,0.5189864045058786,0.48089355759003694,3.1774803785339656e-05,1.477564164067193e-07
3,1.8199364536696095e-07,1.5404080284852287e-05,0.0005225755635068067,0.20978053334958277,0.7873528167389294,0.0023284882740509253
3,5.356490510396956e-09,6.937720796407687e-08,0.0039270135861104285,0.06877832003999812,0.9272652212879234,2.9370352269715326e-05
2,0.7223920904618836,0.02096659122976081,0.2517435877396025,0.0048442242693470606,3.208887467934806e-05,2.141742472684718e-05
1,7.439247584738271e-06,0.365062372579666,0.6167687930766241,0.018161382142738804,4.1627070894427334e-09,8.79067912257267e-09
3,2.6371072186662207e-09,5.470368033054938e-10,9.661568411774196e-05,0.999639952986778,4.506860410064923e-08,0.000263383076356099
1,0.08372329628711285,0.7031717302938997,0.05933793570444017,0.14601855761722193,0.002276397024400233,0.005472083072925187
3,3.596149927816205e-05,0.0034077712304303926,0.3045816120603313,0.6919605833547737,1.3226955062775501e-05,8.449001237164667e-07
3,8.523096443070099e-07,9.899524569943516e-07,0.0009274112552959287,0.8094370697560163,0.0004975238423197156,0.18913615288426672
4,1.4170507423465962e-09,3.8574463421217306e-08,7.564172561064125e-06,0.11001596576776274,0.8898109256672551,0.00016550440090694064
1,0.005933896248115114,0.9770643023742783,0.016224986854525787,0.0007768145228245254,2.1841491530054008e-13,3.7830545350920367e-14
1,0.0020566803283054475,0.9978631847601203,8.011788299803254e-05,1.702856430440733e-08,1.2055483580371432e-14,6.072807035102195e-22
4,0.01643272039066253,0.0024397583912428304,0.19759805704303907,0.09484340433775224,0.6307760926591195,0.05790996717818393
0,0.8337870780641723,0.11742793173066468,0.04007482785053366,0.00868637472985393,1.909763186175921e-05,4.689992913700974e-06
4,3.3967503783146105e-11,6.531529932792853e-07,6.786359702296326e-05,0.5408729316186477,0.13778554733262566,0.32127300426474287
2,0.002756693518192704,0.825256944122476,0.16910600757887348,0.0018910888786942124,0.0009579160983188619,3.1349803444749554e-05
3,5.361297876798139e-07,0.0011214049089859615,0.004574061200387574,0.9298147825348789,0.0496680026236693,0.014821212602290499
3,6.30131283540287e-11,2.2870182079901916e-08,1.822903107786422e-06,0.049691339870298286,0.9473796582805638,0.002927156012834878
5,8.926301821138898e-17,5.89397497765793e-10,1.5254408946818265e-10,5.096006306520733e-05,0.0007927451983338199,0.9991562939966592
2,0.020916992346643442,0.04767311478502496,0.000349395687004344,0.9310604971794946,1.8322693299098515e-12,3.618192166358247e-16
2,3.422607510430325e-06,7.791341406822427e-10,0.5726280351900037,0.4271681328558959,0.00019589900173425827,4.5095657214834555e-06
2,2.0435292909308103e-05,3.189416037632634e-07,0.06815816759301674,0.3317758576473232,0.5999676833929627,7.753713218419865e-05
4,3.455695942587314e-10,2.971110471622659e-08,4.080689074239302e-05,0.9751427373355416,0.017269473359972986,0.00754695235706873
3,0.00013853225553320242,0.0005128052974869192,0.32509365947629243,0.581644311059097,0.092041654103033,0.0005690378085575102
2,1.4527707919604075e-07,1.440463884578247e-11,0.5958970411846167,0.3962386105170438,0.007864198977227135,4.029628325431964e-09
3,0.011150475657382908,0.40028490108599446,0.5885314313901632,3.3140184146092564e-05,4.7477419801231275e-08,4.204893488855405e-09
2,8.236059541359946e-16,5.043332805089804e-16,0.9998560656318466,0.00014393436815173438,3.2781774655620334e-16,1.2357943469515521e-20
0,0.9990346067302048,0.0009504856915927546,1.0822366795853382e-07,1.4799354534424208e-05,5.681304436254914e-29,7.991533963064894e-33
0,0.989352716031169,0.0021436407520896493,0.007677323924047451,0.0008262979069801812,2.1373764565193902e-08,1.1949106983389584e-11
0,0.9098160393125373,0.08929635923628242,0.0008853416575211866,2.2597936147681787e-06,4.179515329193467e-14,2.5445621237939895e-15
0,0.9999877348582703,2.738127508955618e-06,5.9149753249851535e-06,3.6120388956556984e-06,2.3038947279621035e-23,6.407143635645828e-26
0,0.12278600584856814,0.7328104488395321,0.1248223232887403,0.015736671813059513,0.0006648050023095961,0.0031797452077906266
0,0.8814895219400833,0.11048483212570574,0.007697598556902842,0.00032803527959249636,2.808132340194445e-10,1.181690229628898e-08
0,0.9666451063693328,0.03301488931597577,0.0003242702736226142,1.5734040098680624e-05,8.628712309120413e-13,1.0729232422686673e-13
0,0.9682397731353378,0.0037043483904123974,0.013719343967627591,0.014336531251301524,3.2471820912609454e-09,8.138650178527304e-12
0,0.9572320541671601,0.005098658662813982,0.03533466571330984,0.0023346197624929234,7.341401894361299e-11,1.6208094351335808e-09
0,0.9905585345904829,0.009428500909108378,1.287704076468194e-05,8.745860607288901e-08,1.0378351863485137e-12,1.1708077364585399e-18
0,0.8621759381129673,0.1159748312467284,0.01856775352223731,0.0032660983572331192,3.918392091218358e-06,1.1460368742458916e-05
0,0.9875076703406623,8.024845236178123e-06,0.012181063316846494,0.0003032414967007038,5.48755095880671e-13,5.158572013408989e-15
0,0.33753979359308267,0.6331425881606001,0.011078933098800373,0.018070003439467748,1.090465765295678e-05,0.00015777705039626938
0,0.9998365490746567,1.305177927106155e-05,0.0001317128923707331,1.8686253701583268e-05,4.718280420638023e-20,4.5280722565144586e-23
0,0.5458392686057936,0.43143144022816826,0.008689738480294125,0.01394618098822982,7.4229733070785875e-06,8.594872420716415e-05
0,0.9816925190277699,0.018292982846781,1.433078419884906e-05,1.6733972034123988e-07,1.5299460182700453e-12,3.22774085034242e-18
0,0.9348352086573891,0.058696539666935346,0.006042024345549334,0.0004261779094049563,2.8726546338613847e-09,4.654806663251272e-08
0,0.9804052910562737,0.007129604757039704,0.003976146596126972,0.00848764990510082,1.8240344591690578e-07,1.1252820126228039e-06
0,0.9756788325710439,0.01899552317669495,0.0037807505681443404,0.0015443916330503832,3.859224024315141e-07,1.161286640098504e-07
0,0.2331355910235792,0.5917511970433939,0.13277423187615373,0.03362212270065707,0.0021237744361718913,0.00659308292004429
0,0.9986922264432291,0.001307074559353276,6.752438061744655e-08,6.314730370683543e-07,6.597818742234319e-27,7.349616564136902e-29
1,0.006387412040346726,0.9627647172942458,0.020977093819455294,0.00984614948214037,1.0485458277561453e-05,1.4141905534413222e-05
1,0.2456856437719602,0.6658555817552556,0.014975670561936789,0.07104731322937764,0.0006150126881258387,0.0018207779933439052
1,0.0028208986258941877,0.9766456089651787,0.019103472531836037,0.0014212112926977585,8.794324151479088e-06,1.4260242138698711e-08
1,3.930194350029287e-08,0.9140774922628958,0.07580579882850226,0.010116669508113761,6.804230837818554e-13,9.786442210536146e-11
1,0.0009630068253842023,0.7537738566140619,0.24526306458254934,7.197715032815752e-08,7.059557581111178e-13,1.4809218380195243e-13
1,0.5031628138376322,0.18623593052276782,0.1367931396119651,0.12986235567009885,0.01453771459220785,0.029408045765328194
1,0.25054516354899264,0.7179225512002193,0.024839861615160073,0.006674175813137094,8.183734835201419e-06,1.0064087655686355e-05
1,0.0288571330928505,0.922804592967481,0.045041884478272017,0.0032590562541362296,3.1674588708258664e-05,5.658618551865433e-06
1,0.08723955328266396,0.7107047629704136,0.05702643601364503,0.13801193595273903,0.0020342292702922736,0.004983082510246207
1,0.00022318281295310917,0.86638162227142,0.13221106410153718,0.0010588064434466804,3.632837074711994e-06,0.0001216915335683483
1,4.531612911946875e-06,0.9998459411927239,1.7423551892930305e-05,0.00013210357801832058,2.7561307481131136e-11,3.689160070508128e-11
1,0.0005549959771639203,0.9894810160447075,0.007382897760257324,0.0024981028915659572,8.264132991788561e-05,3.4599638755295695e-07
1,0.315032358122873,0.4413366515495602,0.10853463763495767,0.10049690409056453,0.005628641733626463,0.02897080686841795
2,0.1393574719146261,0.21448006789447807,0.453926358225467,0.06217561006109516,0.07602963023185991,0.054030861672473646
2,0.08432464031517692,0.00883439487326669,0.5681658116621084,0.12550182772855978,0.16503367397946558,0.04813965144142277
2,3.1833103518675326e-07,8.624440078736483e-18,0.9878309065447471,0.012168774868310642,2.5590707319356105e-10,1.1625829325272445e-17
2,0.005139008358852704,0.12122826757341139,0.6158648602939027,0.13718758711162077,0.07334718338177545,0.047233093280436754
2,0.011983643566588912,0.4061692104320515,0.5407858381321874,0.03459999580922358,0.004764653186003848,0.00169665887394478
2,0.0003456752575948999,0.008376910289332403,0.5586574926345104,0.43052065974791176,0.0016991719484398845,0.0004000901222105748
2,1.7765088694877623e-17,5.733718859125763e-27,0.9953949292379441,0.004605030963590508,3.979846527810245e-08,5.225068000107916e-24
4,3.687093359431199e-09,6.046870015380156e-07,0.00010567408905172924,0.06945775378787311,0.928745039645243,0.0016909241037371828
4,1.8109751757020243e-09,4.155383309745721e-08,0.0001082144124353286,0.03604419074628659,0.9617965169157348,0.0020510345607349873
4,5.902830690029619e-06,5.9053385970020036e-05,0.0057293146600334325,0.09081538262240615,0.9028777483765977,0.0005125981243026195
4,6.825484363658057e-10,1.71844965124491e-08,2.5673012024704823e-05,0.1687347515679027,0.8311544931091285,8.50644438990208e-05
4,1.3629480486939417e-08,1.2706992043670264e-08,7.65409004395145e-05,0.17539274995712992,0.8225039172292474,0.002026765576710643
4,2.4692815065796647e-15,9.386212958507326e-09,6.736181844423877e-10,0.03898661986368579,0.9599572605909481,0.001056109485532542
4,9.33533591006484e-15,8.78277590719919e-11,7.184405964982821e-07,0.007315986631404865,0.9859626579713086,0.006720636868853102
4,3.6631603771722012e-09,7.08469388222425e-07,0.000110284184393363,0.07147050977168583,0.9262790226837759,0.002139471227596169
4,9.216419138295375e-06,8.374998091879533e-05,0.0020825856521955034,0.014836696904487445,0.9827462306491712,0.00024152039408858902
4,8.435931601890043e-09,1.3959759157822602e-09,9.714996446793958e-05,0.1946102718959101,0.8052605972035246,3.1971104189816425e-05
4,1.5613003879558016e-09,5.049075472727087e-08,9.219544825849444e-05,0.11597999730197633,0.8822244675405065,0.0017032876572036857
4,1.0651180278282596e-20,6.314395384056524e-20,4.915599560757043e-09,0.0008896554259111118,0.9991103396495805,8.90868132947559e-12
4,9.363126093155851e-06,2.04132341464018e-07,0.011598122044097324,0.08059627465763784,0.9074674427300878,0.00032859330974236686
5,7.722260341483996e-26,1.4615857494451985e-14,5.36388187541856e-16,4.8598920869744455e-06,2.9437652811273834e-06,0.9999921963426166
5,1.7238173859695986e-11,8.816275472099161e-10,1.2559102714055788e-05,0.06213180985687846,0.02580537873077808,0.9120502514107637
5,9.58983819316908e-13,1.2001927966995038e-07,7.617969371658581e-07,0.004566003403352797,0.0008134046756843049,0.994619710103787
5,5.0048068246376e-25,1.424349100774231e-14,3.964686762937361e-16,2.646477236406085e-07,0.0010964517549786551,0.998903283597283
5,4.40292322532077e-07,1.1524912430928634e-05,0.0016268395575344762,0.17406399446663362,0.027337729585147314,0.7969594711859311
5,0.0005562165324786715,0.002023016495196943,0.009797050832276454,0.13752267989488845,0.22456285178039273,0.6255381844647667
5,0.0017569178453488794,0.004510885145808289,0.01567176471232879,0.1823215038255806,0.17935209263333665,0.6163868358375969
5,2.6023343987990007e-08,9.475659806611694e-06,0.00013678188224501556,0.1712600177820368,0.0778538878582182,0.7507398107943494
5,2.843352044599656e-14,5.042775047737255e-10,4.681189434577714e-07,0.014328355374708883,0.010184414119476608,0.9754867618825651
5,2.9384779637528125e-16,4.402415481045537e-10,6.5344022002139775e-09,0.001070143770270949,0.0005001737683682403,0.9984296754867168
5,7.925160840987133e-23,1.4315874882884248e-12,6.581047133746285e-14,8.653335000628734e-06,3.1390629199777386e-06,0.9999882076005819
5,1.2435026120811733e-13,8.930493976000089e-11,1.0026224372615251e-07,0.006791361828646806,0.014765890729099937,0.9784426470905803
5,3.775334458618007e-07,2.102275828654837e-05,8.199902704656913e-05,0.027073604402881736,0.009288086319967675,0.9635349099583715
5,3.6228245815859244e-08,1.0657968510799347e-05,0.0018973164389928718,0.13452694138583338,0.011868148283941633,0.8516968996944755
5,5.6551107313135e-13,8.44590474107374e-08,5.373459227396859e-07,0.0038964598540683973,0.0007078524851848666,0.995395065855211
5,2.468328057169118e-09,7.86638740115871e-08,9.299305620877321e-05,0.09934800075380118,0.022961950596831374,0.8775969744609565
5,2.028646657689484e-10,6.420733689778134e-06,5.6774258219244336e-05,0.005234055672419923,0.02261273608243701,0.9720900130503694
5,2.628318143010773e-14,4.732470835270349e-10,4.5826289220373417e-07,0.014402618319761867,0.010268754893623664,0.9753281680504489
5,5.911941835890642e-11,2.9900929930908187e-06,3.479724386954651e-05,0.0041004286439810635,0.017324013897520103,0.9785377700625167
5,0.006846076321924841,0.012879079311033137,0.027600117037926884,0.23556769184536222,0.15290856408461762,0.5641984713991353
5,8.09383539416357e-08,1.948630446514226e-05,0.0025899643456380145,0.1353456691675527,0.01350587572937564,0.8485389235146145
