target,prediction_1,prediction_2,prediction_3,prediction_4,prediction_5,prediction_6
4,0.09850621104146345,0.1064771653002806,0.13759822832577223,0.1777044259475757,0.17844084709231933,0.30127312229258874
4,0.04888772614675042,0.05941540057639613,0.08232144040913432,0.22054490603317844,0.4823161696378304,0.10651435719671035
1,0.19870467754869706,0.24289237860500804,0.14224558930989475,0.15170013610413988,0.1424190017714895,0.12203821666077079
2,0.07900379927606788,0.4588647872367528,0.13835180736018676,0.13775774000236307,0.10452050211184695,0.08150136401278245
2,0.06718555014306808,0.6220625303705708,0.12039305292117017,0.09702771234739736,0.04998926470597195,0.04334188951182144
2,0.08695062104289922,0.09031134295687832,0.2850200579704826,0.3512061919682221,0.1108032446589496,0.07570854140256832
1,0.18614967686785688,0.24371862627000707,0.20701353452644647,0.15525197404969474,0.12042423273413233,0.08744195555186245
3,0.021047579399939037,0.03298590517865432,0.19322417954753332,0.30097268203452066,0.3477674902196355,0.1040021636197172
3,0.09821677420538065,0.1098946520148743,0.10939707856683253,0.18755797560371937,0.3561371120578822,0.13879640755131106
1,0.1554025377656766,0.23763816183845862,0.22233044871621863,0.15814227824723168,0.11296421566816203,0.11352235776425247
2,0.04809640359143981,0.11917341710500778,0.42095528248259867,0.289635980430634,0.07196174345432411,0.05017717293599558
4,0.11591787913146648,0.14105873476294664,0.14096541636964077,0.1828446808244827,0.16276456761157473,0.25644872129988866
3,0.24542883796778714,0.09692311104432443,0.22704094126696983,0.2586492593770221,0.10892750548843574,0.06303034485546084
2,0.14318217841135603,0.24019178343326258,0.21147708132629017,0.1676351501868185,0.11845647007677378,0.11905733656549884
4,0.06687349950959579,0.06966794451485121,0.08443562502835719,0.16229487537610035,0.3477885203463,0.26893953522479547
3,0.07494631702772063,0.12786540331646565,0.48655965731335443,0.18490982730503333,0.07386801184198476,0.051850783195441175
2,0.06712650544555215,0.12808200545259338,0.29828085997486736,0.29246547693106173,0.1276354012104413,0.08640975098548401
3,0.06975504653109652,0.1191382298712787,0.3230549833451691,0.280896685865523,0.11921583411058988,0.0879392202763429
2,0.12058111566088359,0.14504950808304243,0.23453791731351442,0.20354587639063865,0.17431312650030545,0.12197245605161529
3,0.09035032987965838,0.10104074187998467,0.10214213352538652,0.17401664905830588,0.36337143776047415,0.16907870789619037
3,0.08107465917118475,0.18130204553164114,0.16958995977625124,0.24017312183564227,0.17304238610044032,0.15481782758484042
1,0.1359684436022634,0.5484763421013106,0.09183587415919206,0.08656928975160527,0.08475399416191899,0.05239605622370967
3,0.03960480166148612,0.06836784757367241,0.22389691613017068,0.3876816215184704,0.2049213056176307,0.07552750749856971
3,0.07776362367288284,0.12775049764882676,0.1778707373607193,0.26586748767564927,0.21132164210165696,0.1394260115402648
4,0.0372574333112655,0.0401945752945893,0.07392480752915694,0.13814939367125953,0.5173419792674148,0.19313181092631398
2,0.0744459210410259,0.10390725690982121,0.3665428620919008,0.2598802893199297,0.11348228297709227,0.08174138766023005
5,0.017733722360976253,0.02276806825503993,0.051169638337672796,0.1540547410982678,0.5757225000347069,0.17855132991333628
3,0.13023682069773776,0.10475065559203159,0.2568045102603987,0.27137814261006454,0.12435338540354282,0.11247648543622461
0,0.2111106883201411,0.18410399459732962,0.20843980873249218,0.16091125241358817,0.11741932516532638,0.11801493077112261
1,0.10502086340028287,0.38335553720755317,0.21988480673116192,0.1616806903932426,0.08631332178594775,0.04374478048181169
3,0.060064418085673685,0.08253252711971963,0.298692404652473,0.3323299453992089,0.14007280301171146,0.08630790173121332
4,0.11309863272721031,0.11282206708492527,0.14170020336855776,0.18282034760838045,0.2830795195501053,0.1664792296608208
3,0.05360476826582664,0.06037384241405523,0.07894132714908275,0.12552702556058576,0.3603598638780241,0.3211931727324256
2,0.12782326939254926,0.15371845669336429,0.26078956513129553,0.18621719776008833,0.15232131294319903,0.11913019807950359
1,0.053513144437922,0.7218401003266811,0.128616156340962,0.04974194365155548,0.02609200734363033,0.020196647899248885
3,0.04784632307986726,0.061398250043308004,0.08873352380864122,0.35722439570957004,0.3275678692606466,0.11722963809796681
3,0.07313656872298477,0.09264416203406976,0.18377492837875214,0.30120512085553175,0.25514576833333696,0.09409345167532464
3,0.05535230369145767,0.15484638531024614,0.18115076372625408,0.2708834723282462,0.2307752807765433,0.10699179416725259
3,0.12306165952563239,0.12272657004380137,0.16172695451006316,0.17167885094590193,0.25390650109760743,0.1668994638769937
2,0.23438722176123106,0.28465027193854797,0.30296785882506155,0.0931546080578235,0.05223371590961244,0.032606323507723536
1,0.08037079370623407,0.5087623125789319,0.19409018270284578,0.11543774949918097,0.06262643448630958,0.03871252702649761
3,0.11712321624295408,0.10156497454436703,0.23726191240100775,0.2841633701557128,0.1372027269462548,0.12268379970970368
1,0.26919132336778806,0.30918738740579094,0.16538700977233547,0.0937368360571527,0.08388968902881162,0.07860775436812141
3,0.09705845135349345,0.11891045326174507,0.1750000039631379,0.2385430311970989,0.23455628555729352,0.13593177466723114
3,0.0563270749982502,0.0712415886179223,0.1701590415184243,0.4781934476864246,0.10696470898733423,0.11711413819164448
4,0.039105010479581835,0.0411230600089584,0.07630984872623894,0.18888539393232018,0.5495557802218757,0.10502090663102497
1,0.14037307898259296,0.3706666522493002,0.24370541134092874,0.09653187968958896,0.08048144584234276,0.06824153189524633
1,0.26884574694349905,0.3512071647628004,0.18116569966175325,0.07644321853606195,0.06007198964202077,0.06226618045386447
4,0.05259743049349543,0.05250431399169091,0.07070124938900677,0.1802794545195007,0.5334335924078711,0.11048395919843498
0,0.22732834323249484,0.38630389744535504,0.12348611536652025,0.09689775296420902,0.08321026775917173,0.08277362323224902
4,0.046034695030050754,0.06901939181634881,0.11646655200720557,0.3659809151704669,0.32743234290723694,0.07506610306869117
2,0.05932007009662288,0.2517843345381709,0.25545218385830964,0.2496423745300055,0.10932177400371773,0.07447926297317328
3,0.05099444374402032,0.08943227394822409,0.399019169558671,0.2423843262577573,0.13862605514898632,0.07954373134234088
3,0.04386859589616491,0.04392154937805184,0.08775287570845205,0.2382520819944507,0.4457144879340721,0.1404904090888084
5,0.058132067036081196,0.0625732947818371,0.0969229293414914,0.09498781658893507,0.10809111555408989,0.5792927766975653
2,0.23589145035870734,0.21207139062418248,0.18946699374617162,0.13896364108535916,0.11403308005897395,0.10957344412660534
2,0.06624147139442241,0.08584923529274814,0.36317730891013233,0.34078760955394005,0.08198476604197251,0.061959608806784555
2,0.4140785119302509,0.1253456716155021,0.1298996462292592,0.11917221335355438,0.07028057832962309,0.14122337854181033
4,0.07633616045149906,0.08616761825615256,0.10079659068824928,0.1834728912322014,0.2970692713794328,0.25615746799246497
3,0.147230507767315,0.18198443753876847,0.17413060149437046,0.19491751154899778,0.15543014124411242,0.14630680040643604
2,0.09301721504002512,0.18898421316006442,0.260506740724336,0.24619788995331152,0.11746772794272275,0.09382621317954036
3,0.11117443052277035,0.20461976212323643,0.17342181202892057,0.13059376497392602,0.20367375081267097,0.17651647953847563
2,0.12195059345781965,0.12746016364353277,0.31196834193642625,0.20766284046846362,0.1252106162329523,0.1057474442608053
0,0.4329437367679485,0.16689430595740098,0.11851783332469398,0.10088534664224671,0.09203925906278847,0.0887195182449213
0,0.7781378521507923,0.08056431301858154,0.044207178584224883,0.0340541984028604,0.032937614445777134,0.030098843397763544
0,0.5935820148978453,0.14744946723770055,0.09349457753313384,0.06176904842750675,0.05819743001175179,0.045507461892061785
0,0.5921567922370325,0.13294069393927602,0.10786421542811987,0.07054123894344348,0.0468102960306165,0.049686763421511675
0,0.4850892520019967,0.21437866690871857,0.12510489940430303,0.06808460010204485,0.05487418831269176,0.05246839327024528
0,0.7834880030956455,0.09074215506172258,0.0466352267164324,0.03216754847191554,0.023884472630607275,0.023082594023676635
0,0.6614603335050346,0.1280471058457715,0.07899168826376485,0.05162630195849736,0.044859977710211864,0.035014592716719806
0,0.747348897870891,0.09534145332404333,0.05132133217070402,0.037495893688643665,0.03568795630704512,0.032804466638672966
0,0.7145907736089996,0.11106272813242193,0.07703903693555184,0.04048330355147963,0.029952821440177066,0.026871336331369965
0,0.6841219825433901,0.11566313013682412,0.08052231555883198,0.047956352229314964,0.03646911417565886,0.035267105355980155
0,0.8956900348185551,0.037905472745034634,0.02662914292847212,0.014189416670763245,0.012949388753488073,0.012636544083686594
0,0.3645352802683546,0.16333098864297596,0.1232475385649753,0.11797986596626661,0.11557660583531859,0.1153297207221089
0,0.7307101171127461,0.13750019282804365,0.06832064427508146,0.024081159891792412,0.02022469963210305,0.0191631862602332
0,0.7732017605000372,0.05840035815374226,0.054909618701896666,0.039282244940729044,0.038473039727155385,0.03573297797643949
0,0.8507775653515829,0.06540879713787234,0.03952505295266739,0.015024609158754887,0.014835634993674999,0.014428340405447323
0,0.6841219825433901,0.11566313013682412,0.08052231555883198,0.047956352229314964,0.03646911417565886,0.035267105355980155
0,0.8044895094700271,0.06992784742092836,0.047716295885066554,0.03159254861065688,0.023690724067247884,0.022583074546073223
0,0.5537557874355956,0.13004757812287956,0.10911504483528767,0.07361139522130736,0.06795093304812538,0.06551926133680445
0,0.614889665730244,0.10640935239683964,0.08865003545348821,0.06299071133988182,0.06396424716073162,0.06309598791881466
0,0.7496006781684719,0.07907442029249122,0.06107055220902168,0.04174410952570326,0.03506193848342854,0.033448301320883424
0,0.4329437367679485,0.16689430595740098,0.11851783332469398,0.10088534664224671,0.09203925906278847,0.0887195182449213
1,0.16203219288156628,0.28555644337264174,0.16278710867162344,0.133489930252624,0.12807348876161498,0.12806083605992966
1,0.14263909620081006,0.4100803008933045,0.1271886020762135,0.11372916924881998,0.11351134817330524,0.09285148340754663
1,0.179220770621439,0.33058010503029994,0.23831834662140397,0.11665206908964189,0.06190980228826118,0.07331890634895401
1,0.14328838270071492,0.3841646468122466,0.15007794241965453,0.12490712856611555,0.10055947344206936,0.09700242605919908
1,0.08865231156681211,0.3916323707603533,0.262567103452858,0.12257093000290349,0.07220099891487733,0.06237628530219583
1,0.1560913894253267,0.48814481298932744,0.16792430760716157,0.08844202679615217,0.04993995890452877,0.04945750427750341
1,0.07858657127311633,0.6153438865562701,0.16748924607922502,0.07190084218296866,0.03147310166506444,0.0352063522433554
1,0.03789889343575239,0.7367886286743593,0.0762615832705552,0.0718689927023673,0.0418686197173433,0.03531328219962245
1,0.26919132336778806,0.30918738740579094,0.16538700977233547,0.0937368360571527,0.08388968902881162,0.07860775436812141
1,0.03658631883475497,0.4757848316319119,0.2901392657993455,0.12166673996187499,0.045816429105472824,0.03000641466663991
1,0.13360648584364815,0.5044793592170641,0.14870841605215382,0.09280656649554805,0.06767806206917598,0.052721110322409816
1,0.2854888501318835,0.36731299435962855,0.1501977143680141,0.08016022189180293,0.054312054133343585,0.06252816511532722
1,0.24043183048112604,0.38352303952828093,0.18225359997131158,0.08885303604075756,0.05637079913055444,0.04856769484796946
2,0.052145447065211264,0.16325196162697353,0.5253796588049715,0.14453464743477445,0.07055413936270924,0.044134145705360096
2,0.04223820126539512,0.06504958015480504,0.5464695140023231,0.20704034230201684,0.09052322335943605,0.04867913891602376
2,0.0522995642480709,0.0952040665504342,0.5013928228312192,0.22956470334000756,0.07120621692022173,0.05033262611004638
2,0.04804550354956437,0.11656337443815758,0.3715341586182883,0.3021071766594196,0.10253279929928286,0.05921698743528726
2,0.04459098424205181,0.21976853763117765,0.3856077071338183,0.2073219825469933,0.08697902022430838,0.05573176822165062
2,0.01604043715879087,0.03409999321042946,0.7041713949172325,0.17161318803833506,0.048702020626438094,0.025372966048774103
2,0.06747912003042578,0.08545645499113444,0.4518808172744528,0.2609260640178051,0.07196289224793774,0.06229465143824428
4,0.03444262696456414,0.05236642548498895,0.09003974929207328,0.21453621287216748,0.4675904685836078,0.1410245168025984
4,0.033770645240217466,0.04640274972663324,0.06919151223402711,0.14067477579388082,0.44394497100504465,0.2660153460001968
4,0.020109354546200553,0.022749304826128757,0.047192514230831185,0.13213963979549923,0.6546279741704742,0.12318121243086605
4,0.11397547410248703,0.11610690194372865,0.13494995276690344,0.17063996350249794,0.23276668632597172,0.23156102135841136
4,0.056865634095682294,0.05471604809421707,0.09570000116506484,0.24687467695038165,0.4279714595840401,0.11787218011061401
4,0.09236177021575853,0.10362200206369683,0.10181569445892584,0.16067478479664749,0.34027855993723083,0.20124718852774032
4,0.06782188419947982,0.10620059669377771,0.18722762867007028,0.1412503721878002,0.2247556204272899,0.2727438978215821
4,0.03484866559191257,0.05297550227056585,0.0910251929154409,0.22276599635795916,0.4498508425813853,0.14853380028273636
4,0.03198415473469462,0.02618685906046886,0.03894297292907132,0.11788454068240718,0.7109527389988894,0.07404873359446865
4,0.060293665106249936,0.06415140273419484,0.07800478634227137,0.18357241789302564,0.3989602164436979,0.21501751148056025
4,0.029870270306555657,0.04170058739944081,0.08534647248917009,0.18516552389480007,0.5010226485030776,0.15689449740695577
4,0.05393654181616289,0.06097149873987469,0.07625990458740858,0.12348662944199347,0.5329655393063102,0.1523798861082501
4,0.07590772659863787,0.09344646189341226,0.09205807351459372,0.19993857008911342,0.3309459804336827,0.20770318747056016
5,0.08914497314313828,0.09495468313354756,0.10159211087429215,0.12556035264859144,0.15262386333832034,0.4361240168621104
5,0.041682254231599485,0.044218197646830354,0.04879137370792492,0.06640347213939965,0.14981089514609652,0.6490938071281491
5,0.042968799050575344,0.04264887504907914,0.05941050954704121,0.08155634486708777,0.09680908938838598,0.6766063820978306
5,0.04880869489415787,0.055114024030345765,0.07722356682222192,0.15153698918926534,0.29532579286726895,0.37199093219674007
5,0.06310468650027799,0.07443031490109749,0.08394570665551536,0.07617987481516045,0.10320817942845983,0.5991312376994888
5,0.02255931356804115,0.03045834120167812,0.03456642475121264,0.05193095493523651,0.1451344127325839,0.7153505528112477
5,0.025701378304585087,0.040661187436574105,0.04866394118773679,0.06385323227424286,0.12840679489007967,0.6927134659067814
5,0.016805050725526863,0.02099236453163969,0.03599545011740897,0.1076338976050833,0.2941212765266123,0.5244519604937289
5,0.11298064982397336,0.11752779353655264,0.12328124837786665,0.15366214096594144,0.19879931912099452,0.2937488481746713
5,0.03897677974220255,0.03455873533020586,0.05395117800355326,0.06919394778988511,0.10295853664361712,0.7003608224905361
5,0.08914497314313828,0.09495468313354756,0.10159211087429215,0.12556035264859144,0.15262386333832034,0.4361240168621104
5,0.018928953460430636,0.021830367574384637,0.030456366129487916,0.05116417404771289,0.1406247022655814,0.7369954365224026
5,0.03088195669366975,0.045599134765808215,0.05154321711279686,0.059210686524979385,0.12496154592671005,0.6878034589760357
5,0.05859438545080543,0.0650318948839649,0.07239243548460722,0.10956251172981679,0.14286589045073297,0.5515528820000727
5,0.042968799050575344,0.04264887504907914,0.05941050954704121,0.08155634486708777,0.09680908938838598,0.6766063820978306
5,0.049729103215605475,0.051685175173821665,0.05678303388326693,0.06407948418761975,0.11365960324265248,0.6640636002970337
5,0.03107679533749987,0.044099901715307074,0.04617891518684208,0.07219358713251653,0.11931254443411886,0.6871382561937156
5,0.11298064982397336,0.11752779353655264,0.12328124837786665,0.15366214096594144,0.19879931912099452,0.2937488481746713
5,0.028179808817464732,0.0383004541673111,0.03691236480296049,0.0893365536333684,0.11991576603559866,0.6873550525432967
5,0.03567994956338325,0.04674908953567163,0.06294407690987242,0.06544639601950958,0.09941881270756256,0.6897616752640006
5,0.05859438545080543,0.0650318948839649,0.07239243548460722,0.10956251172981679,0.14286589045073297,0.5515528820000727
